"AbilityDefBPerfectAim.Description.Details";"PASSIVE: The Bounty Hunter's attacks bypass armor and deal structure damage to the target.";"ПАССИВНО: атаки охотника за головами минуют бронюи бьют сразу по структуре цели.";;"#000000";"#FFFFFF"
"AbilityDefBPerfectAim.Description.Name";"Perfect Aim";"Глаз охотника";;"#000000";"#FFFFFF"
"AbilityDefBPerfectAim.ShortDesc";"Hits Bypass Armor";"Бьёт минуя броню";;"#000000";"#FFFFFF"
"AbilityDefBPerfectAim.StatusEffect-BH-PerfectAimAttackFloatie.EffectData1.Details";"PERFECT AIM";"ГЛАЗ ОХОТНИКА";;"#000000";"#FFFFFF"
"AbilityDefBPerfectAim.StatusEffect-BH-PerfectAimAttackFloatie.EffectData1.Name";"PERFECT AIM";"ГЛАЗ ОХОТНИКА";;"#000000";"#FFFFFF"
"AbilityDefBPerfectAim.StatusEffect-BH-PerfectAimHitFloatie.EffectData2.Details";"ARMOR BYPASSED";"МИНУЯ БРОНЮ";;"#000000";"#FFFFFF"
"AbilityDefBPerfectAim.StatusEffect-BH-PerfectAimHitFloatie.EffectData2.Name";"ARMOR BYPASSED";"МИНУЯ БРОНЮ";;"#000000";"#FFFFFF"
"AbilityDefBPerfectAim.StatusEffect-BH-PerfectAimStructureDamage.EffectData0.Details";"The Bounty Hunter's attacks bypass armor and deal structure damage to the target.";"Охотник за головами атакует в обход брони сразу по структуре цели.";;"#000000";"#FFFFFF"
"AbilityDefBPerfectAim.StatusEffect-BH-PerfectAimStructureDamage.EffectData0.Name";"PERFECT AIM";"ГЛАЗ ОХОТНИКА";;"#000000";"#FFFFFF"
"AbilityDefBWCL.Description.Details";"PASSIVE: Black Widow Company units have bonus movement speed, a vastly increased Critical Hit chance, and 20% damage reduction.";"ПАССИВНО: юниты из Black Widow Company двигаются быстрее, стреляют точнее и имеют -20% получ. урон.";;"#000000";"#FFFFFF"
"AbilityDefBWCL.Description.Name";"Black Widow Command Lance";"Главный отряд Чёрной Вдовы";;"#000000";"#FFFFFF"
"AbilityDefBWCL.ShortDesc";"+ 25% Movement, + 20% Damage Reduction, and + 75% Critical Chance";"+25% движение +20% ниже урон и +75% шанс крита";;"#000000";"#FFFFFF"
"AbilityDefBWCL.StatusEffect-BWCL-CriticalChance.EffectData1.Details";"Black Widow Company units have bonus movement speed and a vastly increased Critical Hit chance, and they take [AMT] less damage.";"Юниты из Black Widow Company двигаются быстрее, стреляют с повышенным шансом крита и получают на [AMT] меньше урона.";;"#000000";"#FFFFFF"
"AbilityDefBWCL.StatusEffect-BWCL-CriticalChance.EffectData1.Name";"BLACK WIDOW COMMAND LANCE";"ГЛАВНЫЙ ОТРЯД ЧЁРНОЙ ВДОВЫ";;"#000000";"#FFFFFF"
"AbilityDefBWCL.StatusEffect-BWCL-DamageReduction.EffectData2.Details";"Black Widow Company units have bonus movement speed and a vastly increased Critical Hit chance, and they take [AMT] less damage.";"Юниты из Black Widow Company двигаются быстрее, стреляют с повышенным шансом крита и получают на [AMT] меньше урона.";;"#000000";"#FFFFFF"
"AbilityDefBWCL.StatusEffect-BWCL-DamageReduction.EffectData2.Name";"BLACK WIDOW COMMAND LANCE";"ГЛАВНЫЙ ОТРЯД ЧЁРНОЙ ВДОВЫ";;"#000000";"#FFFFFF"
"AbilityDefBWCL.StatusEffect-BWCL-WalkSpeed.EffectData0.Details";"Black Widow Company units have bonus movement speed and a vastly increased Critical Hit chance, and they take [AMT] less damage.";"Юниты из Black Widow Company двигаются быстрее, стреляют с повышенным шансом крита и получают на [AMT] меньше урона.";;"#000000";"#FFFFFF"
"AbilityDefBWCL.StatusEffect-BWCL-WalkSpeed.EffectData0.Name";"BLACK WIDOW COMMAND LANCE";"ГЛАВНЫЙ ОТРЯД ЧЁРНОЙ ВДОВЫ";;"#000000";"#FFFFFF"
"AbilityDefBWidowsKiss.Description.Details";"PASSIVE: Natasha Kerensky's attacks target and wrench her opponent's Actuators, slowing their movement speed.";"ПАССИВНО: атаки Наташи Керенской калечат приводы, замедляя противника.";;"#000000";"#FFFFFF"
"AbilityDefBWidowsKiss.Description.Name";"Widow's Kiss";"Поцелуй вдовы";;"#000000";"#FFFFFF"
"AbilityDefBWidowsKiss.ShortDesc";"Hits Slow Movement";"Попадания замедляют движение";;"#000000";"#FFFFFF"
"AbilityDefBWidowsKiss.StatusEffect-BWCL-WidowsKissFloatie.EffectData0.Details";"WIDOW'S KISS";"ПОЦЕЛУЙ ВДОВЫ";;"#000000";"#FFFFFF"
"AbilityDefBWidowsKiss.StatusEffect-BWCL-WidowsKissFloatie.EffectData0.Name";"WIDOW'S KISS";"ПОЦЕЛУЙ ВДОВЫ";;"#000000";"#FFFFFF"
"AbilityDefBWidowsKiss.StatusEffect-BWCL-WidowsKissWalkSpeed.EffectData1.Details";"Natasha Kerensky's attacks target and wrench her opponent's Actuators, slowing their movement speed.";"Атаки Наташи Керенской калечат приводы, замедляя противника.";;"#000000";"#FFFFFF"
"AbilityDefBWidowsKiss.StatusEffect-BWCL-WidowsKissWalkSpeed.EffectData1.Name";"ACTUATOR WRENCHED";"ПРИВОД ВЫВЕРНУТ";;"#000000";"#FFFFFF"
"AbilityDefFireAndSteel.Description.Details";"PASSIVE: Victoria Espinosa's attacks apply a lasting heat effect and massively hamper the target's ability to fight.";"ПАССИВНО: атаки Виктории Эспинозы вызывают длительный тепловой эффект и значительно снижают способность цели сражаться.";;"#000000";"#FFFFFF"
"AbilityDefFireAndSteel.Description.Name";"Fire & Steel";"Огонь и сталь";;"#000000";"#FFFFFF"
"AbilityDefFireAndSteel.ShortDesc";"Hits Ruin Aim";"Попадания ослабляют прицеливание";;"#000000";"#FFFFFF"
"AbilityDefFireAndSteel.StatusEffect-Flamer-RangeIncreaseLong.EffectData2.Details";"Increases max range bracket of support weapons by [AMT]m.";"Увеличенные на [AMT]м макс. дистанции для орудий поддержки.";;"#000000";"#FFFFFF"
"AbilityDefFireAndSteel.StatusEffect-Flamer-RangeIncreaseLong.EffectData2.Name";"FLAMER PROJECTION";"FLAMER PROJECTION";;"#000000";"#FFFFFF"
"AbilityDefFireAndSteel.StatusEffect-Flamer-RangeIncreaseMax.EffectData1.Details";"Increases max range bracket of support weapons by [AMT]m.";"Увеличенные на [AMT]м макс. дистанции для орудий поддержки.";;"#000000";"#FFFFFF"
"AbilityDefFireAndSteel.StatusEffect-Flamer-RangeIncreaseMax.EffectData1.Name";"FLAMER PROJECTION";"FLAMER PROJECTION";;"#000000";"#FFFFFF"
"AbilityDefFireAndSteel.StatusEffect-Victoria-Floatie.EffectData0.Details";"FIRE & STEEL!";"ОГОНЬ И СТАЛЬ!";;"#000000";"#FFFFFF"
"AbilityDefFireAndSteel.StatusEffect-Victoria-Floatie.EffectData0.Name";"FIRE & STEEL!";"ОГОНЬ И СТАЛЬ!";;"#000000";"#FFFFFF"
"AbilityDefG5.BanditCalledShot.EffectData0.Details";"Called Shots twice as reliable";"Offensive push вдвое надёжнее";;"#000000";"#FFFFFF"
"AbilityDefG5.BanditCalledShot.EffectData0.Name";"Improved Called Shot";"Улучшенный Offensive Push";;"#000000";"#FFFFFF"
"AbilityDefG5.BanditClustering.EffectData2.Details";"Substantially increases the clustering of this unit's LRM weapons and boosts the stability damage of SRMs by 50%.";"Существенно увеличивает кучность LRM и увеличивает урон устойчивости SRM на 50%";;"#000000";"#FFFFFF"
"AbilityDefG5.BanditClustering.EffectData2.Name";"MISSILERY SUITE";"РАКЕТНЫЙ КОМПЛЕКТ";;"#000000";"#FFFFFF"
"AbilityDefG5.BanditCrits.EffectData1.Details";"Missile weapon attacks have their hit improved by 3.";"Шанс попадания ракетного оружия повышен на 3.";;"#000000";"#FFFFFF"
"AbilityDefG5.BanditCrits.EffectData1.Name";"Missile WEAPON HIT CHANCE IMPROVED";"ШАНС ПОПАДАНИЯ РАКЕТНОГО ОРУЖИЯ ПОВЫШЕН";;"#000000";"#FFFFFF"
"AbilityDefG5.Description.Details";"25% Increased Critical Strike Chance. +4 to Clustering Roll modifiers. +5% to Called Shot Multiplier.";"25% выше шанс крита. +4 шанс кластеризации. +5% к offensive push.";;"#000000";"#FFFFFF"
"AbilityDefG5.Description.Name";"Bandit";"Бандит";;"#000000";"#FFFFFF"
"AbilityDefG8.Description.Details";"ACTION: Overcharge your Mech's system to gain +1 Accuracy, +10% Damage, -10% Heat Generated and cool 40 Heat. Generate 10 Extra Heat per turn during the 4 Turn Cooldown.";"АКТИВАЦИЯ: перегружает системы меха ради получения +1 к точности, +10% к урону, -10% к нагреву и 40 ед. охлаждения. Даёт 10 доп. нагрева за ход, 4 хода.";;"#000000";"#FFFFFF"
"AbilityDefG8.Description.Name";"Warlord";"Воевода";;"#000000";"#FFFFFF"
"AbilityDefG8.StatusEffect-WarlordDamage.EffectData0.Details";"Increased Weapon Damage Damage.";"Увелич. урон из оружия";;"#000000";"#FFFFFF"
"AbilityDefG8.StatusEffect-WarlordDamage.EffectData0.Name";"Overcharge";"Перегрузка";;"#000000";"#FFFFFF"
"AbilityDefG8.Warlord-Heat.EffectData2.Details";"-40 Heat";"-40 тепла";;"#000000";"#FFFFFF"
"AbilityDefG8.Warlord-Heat.EffectData2.Name";"Flush Coolant";"Приток охлаждения";;"#000000";"#FFFFFF"
"AbilityDefG8.Warlord-Heat2.EffectData4.Details";"-50 Heat";"-50 тепла";;"#000000";"#FFFFFF"
"AbilityDefG8.Warlord-Heat2.EffectData4.Name";"Flush Coolant2";"Приток охлаждения2";;"#000000";"#FFFFFF"
"AbilityDefG8.Warlord-Heatpenalty.EffectData3.Details";"+10 Heat Generated";"+10 нагрева";;"#000000";"#FFFFFF"
"AbilityDefG8.Warlord-Heatpenalty.EffectData3.Name";"Taxed Coolant";"Уменьш. охлаждение";;"#000000";"#FFFFFF"
"AbilityDefG8.Warlord-TO-HIT.EffectData1.Details";"+1 Accuracy";"+1 точность";;"#000000";"#FFFFFF"
"AbilityDefG8.Warlord-TO-HIT.EffectData1.Name";"Targeting";"Прицеливание";;"#000000";"#FFFFFF"
"AbilityDefGu5.Description.Details";"PASSIVE: Braces after Melee and DFA. +1 Ini Injury&Melee Resist.";"ПАССИВНО: укрепление после рукоп. атаки и DFA. +1 к баз. сопр. ранению пилота.";;"#000000";"#FFFFFF"
"AbilityDefGu5.Description.Name";"JUGGERNAUT";"ДЖАГГЕРНАУТ";;"#000000";"#FFFFFF"
"AbilityDefGu8.Description.Details";"ACTION: A deadly precision Attack with 50% extra damage, +2 chance to hit and 30% reduced DFA self damage. Works for both DFA and Melee attacks. 4 turn cooldown with -1 defense. +1 Ini Injury&Melee Resist.";"АКТИВАЦИЯ: высокоточная атака с 50% доп. урона, +2 шансом попасть и -30% DFA-урона по себе. Работает как для DFA, так и для рукоп. атак. Перезарядка 4 хода при -1 защиты. +1 к баз. сопр. ранению пилота.";;"#000000";"#FFFFFF"
"AbilityDefGu8.Description.Name";"BERSERKER";"БЕРСЕРК";;"#000000";"#FFFFFF"
"AbilityDefGu8.GU8DFA.EffectData2.Details";"Melee attacks deal 10% more damage.";"Рукоп. атаки наносят на 10% больше урона.";;"#000000";"#FFFFFF"
"AbilityDefGu8.GU8DFA.EffectData2.Name";"MELEE DAMAGE INCREASED";"РУКОП. УРОН ПОВЫШЕН";;"#000000";"#FFFFFF"
"AbilityDefGu8.GU8DFAACC.EffectData4.Details";"+2 Accuracy";"+2 точность";;"#000000";"#FFFFFF"
"AbilityDefGu8.GU8DFAACC.EffectData4.Name";"GU8DFAACC";"GU8DFAACC";;"#000000";"#FFFFFF"
"AbilityDefGu8.GU8DFASelf.EffectData0.Details";"DFA attacks deal [AMT] less damage to the attacker.";"DFA атака наносит на [AMT] урона меньше атакующему.";;"#000000";"#FFFFFF"
"AbilityDefGu8.GU8DFASelf.EffectData0.Name";"DFA SELF-INFLICTED DAMAGE DECREASED";"DFA УРОН ПО СЕБЕ СНИЖЕН";;"#000000";"#FFFFFF"
"AbilityDefGu8.GU8Melee.EffectData1.Details";"Melee attacks deal 10% more damage.";"Рукоп. атаки наносят на 10% больше урона.";;"#000000";"#FFFFFF"
"AbilityDefGu8.GU8Melee.EffectData1.Name";"MELEE DAMAGE INCREASED";"РУКОП. УРОН ПОВЫШЕН";;"#000000";"#FFFFFF"
"AbilityDefGu8.GU8MELEEACC.EffectData3.Details";"+2 Accuracy";"+2 точность";;"#000000";"#FFFFFF"
"AbilityDefGu8.GU8MELEEACC.EffectData3.Name";"GU8MELEEACC";"GU8MELEEACC";;"#000000";"#FFFFFF"
"AbilityDefGu8.StatusEffect-BerserkerDebuff.EffectData5.Details";"Provides a penalty to all attacks against this unit.";"Дает штраф ко всем атакам по этому юниту.";;"#000000";"#FFFFFF"
"AbilityDefGu8.StatusEffect-BerserkerDebuff.EffectData5.Name";"HARDER TO HIT";"ТЯЖЕЛЕЕ ПОПАСТЬ";;"#000000";"#FFFFFF"
"AbilityDefHiredGuns.Description.Details";"PASSIVE: The Bounty Hunter and his Associates have near-perfect Called Shots and deal 20% more damage with all attacks.";"ПАССИВНО: охотник за головами и его подельники имеют близкий к идеальному Offensive Push и наносят на 20% больше урона.";;"#000000";"#FFFFFF"
"AbilityDefHiredGuns.Description.Name";"Hired Guns";"Наёмные стволы";;"#000000";"#FFFFFF"
"AbilityDefHiredGuns.ShortDesc";"Perfect Call Shots and 10% Damage Boost";"Идеальный Offensive Push и +10% усиление урона";;"#000000";"#FFFFFF"
"AbilityDefHiredGuns.StatusEffect-HiredGuns-CalledShotBoost.EffectData0.Details";"The Bounty Hunter and his Associates have near-perfect Called Shots and deal 20% more damage with all attacks.";"Охотник за головами и его подельники имеют близкий к идеальному Offensive Push и наносят на +20% больше урона.";;"#000000";"#FFFFFF"
"AbilityDefHiredGuns.StatusEffect-HiredGuns-CalledShotBoost.EffectData0.Name";"HIRED GUNS";"НАЁМНЫЕ СТВОЛЫ";;"#000000";"#FFFFFF"
"AbilityDefHiredGuns.StatusEffect-HiredGuns-DamageBoost.EffectData1.Details";"The Bounty Hunter and his Associates have near-perfect Called Shots and deal [AMT] more damage with all attacks.";"Охотник за головами и его подельники имеют близкий к идеальному Offensive Push и наносят на [AMT] больше урона.";;"#000000";"#FFFFFF"
"AbilityDefHiredGuns.StatusEffect-HiredGuns-DamageBoost.EffectData1.Name";"HIRED GUNS";"НАЁМНЫЕ СТВОЛЫ";;"#000000";"#FFFFFF"
"AbilityDefP5.Awareness.EffectData0.Details";"Guardian ECM making this unit harder to hit.";"Guardian ECM снижает шанс попадания по носитею.";;"#000000";"#FFFFFF"
"AbilityDefP5.Awareness.EffectData0.Name";"GECM Interference";"GECM вмешательство";;"#000000";"#FFFFFF"
"AbilityDefP5.AwarenessMeleeDmg.EffectData1.Details";"Takes less Kinetic Damage.";"Получает меньше кинетического урона.";;"#000000";"#FFFFFF"
"AbilityDefP5.AwarenessMeleeDmg.EffectData1.Name";"Reactive Plating";"Реактивное покрытие";;"#000000";"#FFFFFF"
"AbilityDefP5.Description.Details";"Evasive Pips are Immune to Sensor Lock. +1 Melee Defense. -5% Melee Damage taken.";"Шевроны уклонения не снижаются от Sensor Lock. +1 защ. от рукоп. -5% получ. урона рукоп.";;"#000000";"#FFFFFF"
"AbilityDefP5.Description.Name";"Awareness";"Начеку";;"#000000";"#FFFFFF"
"AbilityDefP5.SafeEvasive.EffectData2.Details";"This unit can use its movement before or after shooting.";"Этот юнит может двигаться до или после стрельбы.";;"#000000";"#FFFFFF"
"AbilityDefP5.SafeEvasive.EffectData2.Name";"SafeEvasion";"SafeEvasion";;"#000000";"#FFFFFF"
"AbilityDefP8.AbilityDefP81.EffectData1.Details";"This unit generates an extra EVASIVE charge from movement actions (up to its maximum).";"Генерирует доп. шевроны уворота при движении (впоть до своего максимума).";;"#000000";"#FFFFFF"
"AbilityDefP8.AbilityDefP81.EffectData1.Name";"EVASIVE MOVE";"МАНЁВР УКЛОНЕНИЯ";;"#000000";"#FFFFFF"
"AbilityDefP8.AbilityDefP82.EffectData0.Details";"This unit generates an extra EVASIVE charge from movement actions (up to its maximum).";"Генерирует доп. шевроны уворота при движении (впоть до своего максимума).";;"#000000";"#FFFFFF"
"AbilityDefP8.AbilityDefP82.EffectData0.Name";"EVASIVE MOVE";"МАНЁВР УКЛОНЕНИЯ";;"#000000";"#FFFFFF"
"AbilityDefP8.AbilityDefP83.EffectData2.Details";"This unit generates an extra EVASIVE charge from movement actions (up to its maximum).";"Генерирует доп. шевроны уворота при движении (впоть до своего максимума).";;"#000000";"#FFFFFF"
"AbilityDefP8.AbilityDefP83.EffectData2.Name";"EVASIVE MOVE";"МАНЁВР УКЛОНЕНИЯ";;"#000000";"#FFFFFF"
"AbilityDefP8.AbilityDefP83.EffectData3.Details";"This unit generates an extra EVASIVE charge from movement actions (up to its maximum).";"Генерирует доп. шевроны уворота при движении (впоть до своего максимума).";;"#000000";"#FFFFFF"
"AbilityDefP8.AbilityDefP83.EffectData3.Name";"EVASIVE MOVE";"МАНЁВР УКЛОНЕНИЯ";;"#000000";"#FFFFFF"
"AbilityDefP8.Description.Details";"ACTION: Gain enhanced ability to avoid damage for 2 turns, with a flat +2 increase in evasion with any movement. This can exceed your maximum allowed. Visibility and Signature reduced by 50% for the duration. Has a 5 turn cooldown.";"АКТИВАЦИЯ: на 2 хода способность лучше избегать попаданий, с постоянными +2 уклонения при любом движении. Может превышать ваш максимум шевронов уклонения. Визуальная и сенсорная видимости уменьшены на 50%. Перезаряда 5 ходов.";;"#000000";"#FFFFFF"
"AbilityDefP8.Description.Name";"Phantom Mech";"Призрачный мех";;"#000000";"#FFFFFF"
"AbilityDefT5A.AbilityT5AI-immunity.EffectData2.Details";"DEFER ACTION CLEARS UNSTEADY";"ПРОПУСК ХОДА УБИРАЕТ НЕСТАБИЛЬНОСТЬ";;"#000000";"#FFFFFF"
"AbilityDefT5A.AbilityT5AI-immunity.EffectData2.Name";"MASTER TACTICIAN";"МАСТЕР ТАКТИК";;"#000000";"#FFFFFF"
"AbilityDefT5A.AbilityT5AI-morale.EffectData0.Details";"+1 to base Initiative";"+1 к базовой инициативе";;"#000000";"#FFFFFF"
"AbilityDefT5A.AbilityT5AI-morale.EffectData0.Name";"MASTER TACTICIAN";"МАСТЕР ТАКТИК";;"#000000";"#FFFFFF"
"AbilityDefT5A.AbilityT5AI-reserve.EffectData1.Details";"DEFER ACTION CLEARS UNSTEADY";"ПРОПУСК ХОДА УБИРАЕТ НЕСТАБИЛЬНОСТЬ";;"#000000";"#FFFFFF"
"AbilityDefT5A.AbilityT5AI-reserve.EffectData1.Name";"MASTER TACTICIAN";"МАСТЕР ТАКТИК";;"#000000";"#FFFFFF"
"AbilityDefT5A.Description.Details";"PASSIVE: Remove one bar of stability damage when Reserving. +2 Resolve Gain and -50% Critical hits taken. +1 to Initiative and Tactics Rolls.";"ПАССИВНО: при пропуске хода убирает 1 полоску нестабильности. +2 рост Решимости и -50% шанс крита. +1 к броскам инициативы и тактики.";;"#000000";"#FFFFFF"
"AbilityDefT5A.Description.Name";"TACTICIAN";"ТАКТИК";;"#000000";"#FFFFFF"
"AbilityDefT8A.Description.Details";"ACTION: Select a target within sensor range to reveal it until the end of the current round, remove 1 of its EVASIVE charges and Double its Signature and Visibility. Does not End Your Turn. +1 to Initiative and Tactics Rolls.";"АКТИВАЦИЯ: выберите цель в пределах дальности сенсоров чтобы сделать её видимой до конца текущего раунда, убрать 1 шеврон уклонения и удвоить видимость цели, сенсорную и визуальную. Не заканчивает ваш ход. +1 к броскам инициативы и тактики.";;"#000000";"#FFFFFF"
"AbilityDefT8A.Description.Name";"SENSOR LOCK";"СЕНСОРНЫЙ ЗАХВАТ";;"#000000";"#FFFFFF"
"AbilityG5AI.BanditCalledShot.EffectData0.Details";"Called Shots twice as reliable";"Offensive push вдвое надёжнее";;"#000000";"#FFFFFF"
"AbilityG5AI.BanditCalledShot.EffectData0.Name";"Improved Called Shot";"Улучшенный Offensive Push";;"#000000";"#FFFFFF"
"AbilityG5AI.BanditCrits.EffectData1.Details";"Missile weapon attacks have their hit improved by 3.";"Шанс попадания ракетного оружия повышен на 3.";;"#000000";"#FFFFFF"
"AbilityG5AI.BanditCrits.EffectData1.Name";"Missile WEAPON HIT CHANCE IMPROVED";"ШАНС ПОПАДАНИЯ РАКЕТНОГО ОРУЖИЯ ПОВЫШЕН";;"#000000";"#FFFFFF"
"AbilityG5AI.Description.Details";"25% Increased Critical Strike Chance. +6% to Called Shot Multiplier.";"25% выше шанс крита. +6% к offensive push.";;"#000000";"#FFFFFF"
"AbilityG5AI.Description.Name";"Bandit";"Бандит";;"#000000";"#FFFFFF"
"AbilityG5AI.FocusFireCluster.EffectData3.Details";"Substantially increases the clustering of this unit's LRM weapons and boosts the stability damage of SRMs by 50%.";"Существенно увеличивает кучность LRM и увеличивает урон устойчивости SRM на 50%";;"#000000";"#FFFFFF"
"AbilityG5AI.FocusFireCluster.EffectData3.Name";"MISSILERY SUITE";"РАКЕТНЫЙ КОМПЛЕКТ";;"#000000";"#FFFFFF"
"AbilityG5AI.FocusFireRecoil.EffectData2.Details";"Ballistic recoil penalties reduced by 1";"Штраф отдачи от баллистики снижен на 1";;"#000000";"#FFFFFF"
"AbilityG5AI.FocusFireRecoil.EffectData2.Name";"Reduced Recoil";"Уменьшена отдача";;"#000000";"#FFFFFF"
"AbilityG5Bandit.BanditCrits.EffectData0.Details";"Missile weapon attacks have their hit improved by 3.";"Шанс попадания ракетного оружия повышен на 3.";;"#000000";"#FFFFFF"
"AbilityG5Bandit.BanditCrits.EffectData0.Name";"Missile WEAPON HIT CHANCE IMPROVED";"ШАНС ПОПАДАНИЯ РАКЕТНОГО ОРУЖИЯ ПОВЫШЕН";;"#000000";"#FFFFFF"
"AbilityG5Bandit.Description.Details";"25% Increased Critical Strike Chance. +0.5 to Clustering Roll modifiers,";"25% выше шанс крита. +0.5 к броскам на кучность,";;"#000000";"#FFFFFF"
"AbilityG5Bandit.Description.Name";"Bandit";"Бандит";;"#000000";"#FFFFFF"
"AbilityG5Bandit.FocusFireCluster.EffectData1.Details";"Substantially increases the clustering of this unit's LRM weapons and boosts the stability damage of SRMs by 50%.";"Существенно увеличивает кучность LRM и увеличивает урон устойчивости SRM на 50%";;"#000000";"#FFFFFF"
"AbilityG5Bandit.FocusFireCluster.EffectData1.Name";"MISSILERY SUITE";"РАКЕТНЫЙ КОМПЛЕКТ";;"#000000";"#FFFFFF"
"AbilityG5FocusFire.BanditCalledShot.EffectData1.Details";"Called Shots twice as reliable";"Offensive push вдвое надёжнее";;"#000000";"#FFFFFF"
"AbilityG5FocusFire.BanditCalledShot.EffectData1.Name";"Improved Called Shot";"Улучшенный Offensive Push";;"#000000";"#FFFFFF"
"AbilityG5FocusFire.Description.Details";"6% Improved Called Shot Multiplier. -1 Recoil.";"6% к offensive push. -1 отдача.";;"#000000";"#FFFFFF"
"AbilityG5FocusFire.Description.Name";"Focus Fire";"Сконцентрированный огонь";;"#000000";"#FFFFFF"
"AbilityG5FocusFire.FocusFireRecoil.EffectData0.Details";"Ballistic recoil penalties reduced by 1";"Штраф отдачи от баллистики снижен на 1";;"#000000";"#FFFFFF"
"AbilityG5FocusFire.FocusFireRecoil.EffectData0.Name";"Reduced Recoil";"Уменьшена отдача";;"#000000";"#FFFFFF"
"AbilityG8AI.BanditCalledShot.EffectData1.Details";"Called Shots twice as reliable";"Offensive push вдвое надёжнее";;"#000000";"#FFFFFF"
"AbilityG8AI.BanditCalledShot.EffectData1.Name";"Improved Called Shot";"Улучшенный Offensive Push";;"#000000";"#FFFFFF"
"AbilityG8AI.Description.Details";"25% Increased Critical Strike Chance. +6% to Called Shot Multiplier.";"25% выше шанс крита. +6% к offensive push.";;"#000000";"#FFFFFF"
"AbilityG8AI.Description.Name";"Warlord";"Воевода";;"#000000";"#FFFFFF"
"AbilityG8AI.FocusFireCluster.EffectData3.Details";"Substantially increases the clustering of this unit's LRM weapons and boosts the stability damage of SRMs by 50%.";"Существенно увеличивает кучность LRM и увеличивает урон устойчивости SRM на 50%";;"#000000";"#FFFFFF"
"AbilityG8AI.FocusFireCluster.EffectData3.Name";"MISSILERY SUITE";"РАКЕТНЫЙ КОМПЛЕКТ";;"#000000";"#FFFFFF"
"AbilityG8AI.FocusFireRecoil.EffectData2.Details";"Ballistic recoil penalties reduced by 1";"Штраф отдачи от баллистики снижен на 1";;"#000000";"#FFFFFF"
"AbilityG8AI.FocusFireRecoil.EffectData2.Name";"Reduced Recoil";"Уменьшена отдача";;"#000000";"#FFFFFF"
"AbilityG8AI.Warlord-TO-HIT.EffectData0.Details";"+1 Accuracy";"+1 точность";;"#000000";"#FFFFFF"
"AbilityG8AI.Warlord-TO-HIT.EffectData0.Name";"Targeting";"Прицеливание";;"#000000";"#FFFFFF"
"AbilityG8ControlledBursts.ControlledBurstJamMitigation.EffectData0.Details";"Called Shots twice as reliable";"Offensive push вдвое надёжнее";;"#000000";"#FFFFFF"
"AbilityG8ControlledBursts.ControlledBurstJamMitigation.EffectData0.Name";"Improved Called Shot";"Улучшенный Offensive Push";;"#000000";"#FFFFFF"
"AbilityG8ControlledBursts.Description.Details";"ACTION: Gain -10% Heat Generated, -1 Recoil, -20% Jam Chance Multiplier for 2 Turns. 3 Turn Cooldown.";"АКТИВАЦИЯ: даёт -10% нагрева, -1 отдачи, -20% шанса клина на 2 хода. Перезарядка 3 хода.";;"#000000";"#FFFFFF"
"AbilityG8ControlledBursts.Description.Name";"Controlled Bursts";"Аккуратные очереди";;"#000000";"#FFFFFF"
"AbilityG8ControlledBursts.FocusFireRecoil.EffectData1.Details";"Ballistic recoil penalties reduced by 1";"Штраф отдачи от баллистики снижен на 1";;"#000000";"#FFFFFF"
"AbilityG8ControlledBursts.FocusFireRecoil.EffectData1.Name";"Reduced Recoil";"Уменьшена отдача";;"#000000";"#FFFFFF"
"AbilityG8ControlledBursts.Warlord-Heat2.EffectData2.Details";"-50 Heat";"-50 тепла";;"#000000";"#FFFFFF"
"AbilityG8ControlledBursts.Warlord-Heat2.EffectData2.Name";"Flush Coolant2";"Приток охлаждения2";;"#000000";"#FFFFFF"
"AbilityG8Warlord.Description.Details";"ACTION: Gain +1 Accuracy, +1 to Clustering Roll modifiers, +10% to Called Shot Multiplier. 3 Turn Cooldown.";"АКТИВАЦИЯ: даёт +1 точности, +1 к броскам на кучность, +10% к Offensive Push. Перезарядка 3 хода.";;"#000000";"#FFFFFF"
"AbilityG8Warlord.Description.Name";"Warlord";"Воевода";;"#000000";"#FFFFFF"
"AbilityG8Warlord.WarlordCalledShot.EffectData1.Details";"Called Shots twice as reliable";"Offensive push вдвое надёжнее";;"#000000";"#FFFFFF"
"AbilityG8Warlord.WarlordCalledShot.EffectData1.Name";"Improved Called Shot";"Улучшенный Offensive Push";;"#000000";"#FFFFFF"
"AbilityG8Warlord.WarlordCluster.EffectData2.Details";"Substantially increases the clustering of this unit's LRM weapons and boosts the stability damage of SRMs by 50%.";"Существенно увеличивает кучность LRM и увеличивает урон устойчивости SRM на 50%";;"#000000";"#FFFFFF"
"AbilityG8Warlord.WarlordCluster.EffectData2.Name";"MISSILERY SUITE";"РАКЕТНЫЙ КОМПЛЕКТ";;"#000000";"#FFFFFF"
"AbilityG8Warlord.Warlord-TO-HIT.EffectData0.Details";"+1 Accuracy";"+1 точность";;"#000000";"#FFFFFF"
"AbilityG8Warlord.Warlord-TO-HIT.EffectData0.Name";"Targeting";"Прицеливание";;"#000000";"#FFFFFF"
"AbilityGu5AI.Description.Details";"-10% Stability Damage Taken";"-10% к получ. ур. стаб.";;"#000000";"#FFFFFF"
"AbilityGu5AI.Description.Name";"Hardcase";"Трудный случай";;"#000000";"#FFFFFF"
"AbilityGu5AI.StatusEffect-Defense_StabilityAll-T1.EffectData0.Details";"Incoming stability damage reduced by 10%.";"Входящий урон стабильности уменьшен на 10%.";;"#000000";"#FFFFFF"
"AbilityGu5AI.StatusEffect-Defense_StabilityAll-T1.EffectData0.Name";"INCOMING STABILITY DAMAGE DECREASED";"ПОЛУЧАЕМЫЙ УР. СТАБ. ПОНИЖЕН";;"#000000";"#FFFFFF"
"AbilityGu5AI.StatusEffect-Defense_StabilityAll-T1.EffectData1.Details";"Incoming stability damage reduced by 10%.";"Входящий урон стабильности уменьшен на 10%.";;"#000000";"#FFFFFF"
"AbilityGu5AI.StatusEffect-Defense_StabilityAll-T1.EffectData1.Name";"INCOMING STABILITY DAMAGE DECREASED";"ПОЛУЧАЕМЫЙ УР. СТАБ. ПОНИЖЕН";;"#000000";"#FFFFFF"
"AbilityGu5Hardcase.Description.Details";"-10% Stability Damage Taken";"-10% к получ. ур. стаб.";;"#000000";"#FFFFFF"
"AbilityGu5Hardcase.Description.Name";"Hardcase";"Трудный случай";;"#000000";"#FFFFFF"
"AbilityGu5Hardcase.StatusEffect-Defense_StabilityAll-T1.EffectData0.Details";"Incoming stability damage reduced by 10%.";"Входящий урон стабильности уменьшен на 10%.";;"#000000";"#FFFFFF"
"AbilityGu5Hardcase.StatusEffect-Defense_StabilityAll-T1.EffectData0.Name";"INCOMING STABILITY DAMAGE DECREASED";"ПОЛУЧАЕМЫЙ УР. СТАБ. ПОНИЖЕН";;"#000000";"#FFFFFF"
"AbilityGu5Juggernaut.Description.Details";"PASSIVE: Braces after Melee and DFA. +1 Ini Injury&Melee Resist.";"ПАССИВНО: укрепление после рукоп. атаки и DFA. +1 к баз. сопр. ранению пилота.";;"#000000";"#FFFFFF"
"AbilityGu5Juggernaut.Description.Name";"JUGGERNAUT";"ДЖАГГЕРНАУТ";;"#000000";"#FFFFFF"
"AbilityGu8AI.BerserkerAccuracyCharge.EffectData5.Details";"Random babble what this does";"Случайное бормотание о том, что это делает";;"#000000";"#FFFFFF"
"AbilityGu8AI.BerserkerAccuracyCharge.EffectData5.Name";"BerserkerEffectsAccuracyCharge";"BerserkerEffectsAccuracyCharge";;"#000000";"#FFFFFF"
"AbilityGu8AI.BerserkerAccuracyDFA.EffectData4.Details";"Random babble what this does";"Случайное бормотание о том, что это делает";;"#000000";"#FFFFFF"
"AbilityGu8AI.BerserkerAccuracyDFA.EffectData4.Name";"BerserkerEffectsAccuracyDFA";"BerserkerEffectsAccuracyDFA";;"#000000";"#FFFFFF"
"AbilityGu8AI.BerserkerAccuracyKick.EffectData2.Details";"Random babble what this does";"Случайное бормотание о том, что это делает";;"#000000";"#FFFFFF"
"AbilityGu8AI.BerserkerAccuracyKick.EffectData2.Name";"BerserkerEffectsAccuracyKick";"BerserkerEffectsAccuracyKick";;"#000000";"#FFFFFF"
"AbilityGu8AI.BerserkerAccuracyPhys.EffectData3.Details";"Random babble what this does";"Случайное бормотание о том, что это делает";;"#000000";"#FFFFFF"
"AbilityGu8AI.BerserkerAccuracyPhys.EffectData3.Name";"BerserkerEffectsAccuracyPhys";"BerserkerEffectsAccuracyPhys";;"#000000";"#FFFFFF"
"AbilityGu8AI.BerserkerAccuracyPunch.EffectData1.Details";"Random babble what this does";"Случайное бормотание о том, что это делает";;"#000000";"#FFFFFF"
"AbilityGu8AI.BerserkerAccuracyPunch.EffectData1.Name";"BerserkerEffectsAccuracyPunch";"BerserkerEffectsAccuracyPunch";;"#000000";"#FFFFFF"
"AbilityGu8AI.BerserkerDamageCharge.EffectData8.Details";"Random babble what this does";"Случайное бормотание о том, что это делает";;"#000000";"#FFFFFF"
"AbilityGu8AI.BerserkerDamageCharge.EffectData8.Name";"BerserkerEffectsDamageCharge";"BerserkerEffectsDamageCharge";;"#000000";"#FFFFFF"
"AbilityGu8AI.BerserkerDamageDFA.EffectData9.Details";"Random babble what this does";"Случайное бормотание о том, что это делает";;"#000000";"#FFFFFF"
"AbilityGu8AI.BerserkerDamageDFA.EffectData9.Name";"BerserkerEffectsDamageDFA";"BerserkerEffectsDamageDFA";;"#000000";"#FFFFFF"
"AbilityGu8AI.BerserkerDamageKick.EffectData10.Details";"Random babble what this does";"Случайное бормотание о том, что это делает";;"#000000";"#FFFFFF"
"AbilityGu8AI.BerserkerDamageKick.EffectData10.Name";"BerserkerEffectsDamageKick";"BerserkerEffectsDamageKick";;"#000000";"#FFFFFF"
"AbilityGu8AI.BerserkerDamagePhys.EffectData12.Details";"Random babble what this does";"Случайное бормотание о том, что это делает";;"#000000";"#FFFFFF"
"AbilityGu8AI.BerserkerDamagePhys.EffectData12.Name";"BerserkerEffectsDamagePhys";"BerserkerEffectsDamagePhys";;"#000000";"#FFFFFF"
"AbilityGu8AI.BerserkerDamagePunch.EffectData11.Details";"Random babble what this does";"Случайное бормотание о том, что это делает";;"#000000";"#FFFFFF"
"AbilityGu8AI.BerserkerDamagePunch.EffectData11.Name";"BerserkerEffectsDamagePunch";"BerserkerEffectsDamagePunch";;"#000000";"#FFFFFF"
"AbilityGu8AI.BerserkerSelfDamageCharge.EffectData6.Details";"Random babble what this does";"Случайное бормотание о том, что это делает";;"#000000";"#FFFFFF"
"AbilityGu8AI.BerserkerSelfDamageCharge.EffectData6.Name";"BerserkerEffectsSelfDamageCharge";"BerserkerEffectsSelfDamageCharge";;"#000000";"#FFFFFF"
"AbilityGu8AI.BerserkerSelfDamageDFA.EffectData7.Details";"Random babble what this does";"Случайное бормотание о том, что это делает";;"#000000";"#FFFFFF"
"AbilityGu8AI.BerserkerSelfDamageDFA.EffectData7.Name";"BerserkerEffectsSelfDamageDFA";"BerserkerEffectsSelfDamageDFA";;"#000000";"#FFFFFF"
"AbilityGu8AI.BerserkerStabDamageCharge.EffectData13.Details";"Random babble what this does";"Случайное бормотание о том, что это делает";;"#000000";"#FFFFFF"
"AbilityGu8AI.BerserkerStabDamageCharge.EffectData13.Name";"BerserkerEffectsStabDamageCharge";"BerserkerEffectsStabDamageCharge";;"#000000";"#FFFFFF"
"AbilityGu8AI.BerserkerStabDamageDFA.EffectData14.Details";"Random babble what this does";"Случайное бормотание о том, что это делает";;"#000000";"#FFFFFF"
"AbilityGu8AI.BerserkerStabDamageDFA.EffectData14.Name";"BerserkerEffectsStabDamageDFA";"BerserkerEffectsStabDamageDFA";;"#000000";"#FFFFFF"
"AbilityGu8AI.BerserkerStabDamageKick.EffectData15.Details";"Random babble what this does";"Случайное бормотание о том, что это делает";;"#000000";"#FFFFFF"
"AbilityGu8AI.BerserkerStabDamageKick.EffectData15.Name";"BerserkerEffectsStabDamageKick";"BerserkerEffectsStabDamageKick";;"#000000";"#FFFFFF"
"AbilityGu8AI.BerserkerStabDamagePhys.EffectData17.Details";"Random babble what this does";"Случайное бормотание о том, что это делает";;"#000000";"#FFFFFF"
"AbilityGu8AI.BerserkerStabDamagePhys.EffectData17.Name";"BerserkerEffectsStabDamagePhys";"BerserkerEffectsStabDamagePhys";;"#000000";"#FFFFFF"
"AbilityGu8AI.BerserkerStabDamagePunch.EffectData16.Details";"Random babble what this does";"Случайное бормотание о том, что это делает";;"#000000";"#FFFFFF"
"AbilityGu8AI.BerserkerStabDamagePunch.EffectData16.Name";"BerserkerEffectsStabDamagePunch";"BerserkerEffectsStabDamagePunch";;"#000000";"#FFFFFF"
"AbilityGu8AI.CoolantVent.EffectData0.Details";"-40 Heat";"-40 тепла";;"#000000";"#FFFFFF"
"AbilityGu8AI.CoolantVent.EffectData0.Name";"Flush Coolant";"Приток охлаждения";;"#000000";"#FFFFFF"
"AbilityGu8AI.Description.Details";"ACTION: For ALL Melee Attacks, +1 Accuracy, +20% Damage, -10% Charge Self Damage, -15% DFA Self Damage. 3 turn cooldown.";"АКТИВАЦИЯ: для всех рукоп. атак: +1 точность, +20% урон, -10% урона по себе от Charge, -15% урона по себе от DFA. Перезарядка 3 хода.";;"#000000";"#FFFFFF"
"AbilityGu8AI.Description.Name";"BERSERKER";"БЕРСЕРК";;"#000000";"#FFFFFF"
"AbilityGu8Berserker.BerserkerAccuracyCharge.EffectData4.Details";"Random babble what this does";"Случайное бормотание о том, что это делает";;"#000000";"#FFFFFF"
"AbilityGu8Berserker.BerserkerAccuracyCharge.EffectData4.Name";"BerserkerEffectsAccuracyCharge";"BerserkerEffectsAccuracyCharge";;"#000000";"#FFFFFF"
"AbilityGu8Berserker.BerserkerAccuracyDFA.EffectData3.Details";"Random babble what this does";"Случайное бормотание о том, что это делает";;"#000000";"#FFFFFF"
"AbilityGu8Berserker.BerserkerAccuracyDFA.EffectData3.Name";"BerserkerEffectsAccuracyDFA";"BerserkerEffectsAccuracyDFA";;"#000000";"#FFFFFF"
"AbilityGu8Berserker.BerserkerAccuracyKick.EffectData1.Details";"Random babble what this does";"Случайное бормотание о том, что это делает";;"#000000";"#FFFFFF"
"AbilityGu8Berserker.BerserkerAccuracyKick.EffectData1.Name";"BerserkerEffectsAccuracyKick";"BerserkerEffectsAccuracyKick";;"#000000";"#FFFFFF"
"AbilityGu8Berserker.BerserkerAccuracyPhys.EffectData2.Details";"Random babble what this does";"Случайное бормотание о том, что это делает";;"#000000";"#FFFFFF"
"AbilityGu8Berserker.BerserkerAccuracyPhys.EffectData2.Name";"BerserkerEffectsAccuracyPhys";"BerserkerEffectsAccuracyPhys";;"#000000";"#FFFFFF"
"AbilityGu8Berserker.BerserkerAccuracyPunch.EffectData0.Details";"Random babble what this does";"Случайное бормотание о том, что это делает";;"#000000";"#FFFFFF"
"AbilityGu8Berserker.BerserkerAccuracyPunch.EffectData0.Name";"BerserkerEffectsAccuracyPunch";"BerserkerEffectsAccuracyPunch";;"#000000";"#FFFFFF"
"AbilityGu8Berserker.BerserkerDamageCharge.EffectData7.Details";"Random babble what this does";"Случайное бормотание о том, что это делает";;"#000000";"#FFFFFF"
"AbilityGu8Berserker.BerserkerDamageCharge.EffectData7.Name";"BerserkerEffectsDamageCharge";"BerserkerEffectsDamageCharge";;"#000000";"#FFFFFF"
"AbilityGu8Berserker.BerserkerDamageDFA.EffectData8.Details";"Random babble what this does";"Случайное бормотание о том, что это делает";;"#000000";"#FFFFFF"
"AbilityGu8Berserker.BerserkerDamageDFA.EffectData8.Name";"BerserkerEffectsDamageDFA";"BerserkerEffectsDamageDFA";;"#000000";"#FFFFFF"
"AbilityGu8Berserker.BerserkerDamageKick.EffectData9.Details";"Random babble what this does";"Случайное бормотание о том, что это делает";;"#000000";"#FFFFFF"
"AbilityGu8Berserker.BerserkerDamageKick.EffectData9.Name";"BerserkerEffectsDamageKick";"BerserkerEffectsDamageKick";;"#000000";"#FFFFFF"
"AbilityGu8Berserker.BerserkerDamagePhys.EffectData11.Details";"Random babble what this does";"Случайное бормотание о том, что это делает";;"#000000";"#FFFFFF"
"AbilityGu8Berserker.BerserkerDamagePhys.EffectData11.Name";"BerserkerEffectsDamagePhys";"BerserkerEffectsDamagePhys";;"#000000";"#FFFFFF"
"AbilityGu8Berserker.BerserkerDamagePunch.EffectData10.Details";"Random babble what this does";"Случайное бормотание о том, что это делает";;"#000000";"#FFFFFF"
"AbilityGu8Berserker.BerserkerDamagePunch.EffectData10.Name";"BerserkerEffectsDamagePunch";"BerserkerEffectsDamagePunch";;"#000000";"#FFFFFF"
"AbilityGu8Berserker.BerserkerSelfDamageCharge.EffectData5.Details";"Random babble what this does";"Случайное бормотание о том, что это делает";;"#000000";"#FFFFFF"
"AbilityGu8Berserker.BerserkerSelfDamageCharge.EffectData5.Name";"BerserkerEffectsSelfDamageCharge";"BerserkerEffectsSelfDamageCharge";;"#000000";"#FFFFFF"
"AbilityGu8Berserker.BerserkerSelfDamageDFA.EffectData6.Details";"Random babble what this does";"Случайное бормотание о том, что это делает";;"#000000";"#FFFFFF"
"AbilityGu8Berserker.BerserkerSelfDamageDFA.EffectData6.Name";"BerserkerEffectsSelfDamageDFA";"BerserkerEffectsSelfDamageDFA";;"#000000";"#FFFFFF"
"AbilityGu8Berserker.BerserkerStabDamageCharge.EffectData12.Details";"Random babble what this does";"Случайное бормотание о том, что это делает";;"#000000";"#FFFFFF"
"AbilityGu8Berserker.BerserkerStabDamageCharge.EffectData12.Name";"BerserkerEffectsStabDamageCharge";"BerserkerEffectsStabDamageCharge";;"#000000";"#FFFFFF"
"AbilityGu8Berserker.BerserkerStabDamageDFA.EffectData13.Details";"Random babble what this does";"Случайное бормотание о том, что это делает";;"#000000";"#FFFFFF"
"AbilityGu8Berserker.BerserkerStabDamageDFA.EffectData13.Name";"BerserkerEffectsStabDamageDFA";"BerserkerEffectsStabDamageDFA";;"#000000";"#FFFFFF"
"AbilityGu8Berserker.BerserkerStabDamageKick.EffectData14.Details";"Random babble what this does";"Случайное бормотание о том, что это делает";;"#000000";"#FFFFFF"
"AbilityGu8Berserker.BerserkerStabDamageKick.EffectData14.Name";"BerserkerEffectsStabDamageKick";"BerserkerEffectsStabDamageKick";;"#000000";"#FFFFFF"
"AbilityGu8Berserker.BerserkerStabDamagePhys.EffectData16.Details";"Random babble what this does";"Случайное бормотание о том, что это делает";;"#000000";"#FFFFFF"
"AbilityGu8Berserker.BerserkerStabDamagePhys.EffectData16.Name";"BerserkerEffectsStabDamagePhys";"BerserkerEffectsStabDamagePhys";;"#000000";"#FFFFFF"
"AbilityGu8Berserker.BerserkerStabDamagePunch.EffectData15.Details";"Random babble what this does";"Случайное бормотание о том, что это делает";;"#000000";"#FFFFFF"
"AbilityGu8Berserker.BerserkerStabDamagePunch.EffectData15.Name";"BerserkerEffectsStabDamagePunch";"BerserkerEffectsStabDamagePunch";;"#000000";"#FFFFFF"
"AbilityGu8Berserker.Description.Details";"ACTION: For ALL Melee Attacks, +1 Accuracy, +20% Damage, -10% Charge Self Damage, -15% DFA Self Damage. 3 turn cooldown.";"АКТИВАЦИЯ: для всех рукоп. атак: +1 точность, +20% урон, -10% урона по себе от Charge, -15% урона по себе от DFA. Перезарядка 3 хода.";;"#000000";"#FFFFFF"
"AbilityGu8Berserker.Description.Name";"BERSERKER";"БЕРСЕРК";;"#000000";"#FFFFFF"
"AbilityGu8CoolVent.CoolantVent.EffectData0.Details";"-40 Heat";"-40 тепла";;"#000000";"#FFFFFF"
"AbilityGu8CoolVent.CoolantVent.EffectData0.Name";"Flush Coolant";"Приток охлаждения";;"#000000";"#FFFFFF"
"AbilityGu8CoolVent.CoolantVentPenalty2.EffectData2.Details";"+10 Heat Generated";"+10 нагрева";;"#000000";"#FFFFFF"
"AbilityGu8CoolVent.CoolantVentPenalty2.EffectData2.Name";"Taxed Coolant";"Уменьш. охлаждение";;"#000000";"#FFFFFF"
"AbilityGu8CoolVent.CoolantVentPenalty3.EffectData1.Details";"+10 Heat Generated";"+10 нагрева";;"#000000";"#FFFFFF"
"AbilityGu8CoolVent.CoolantVentPenalty3.EffectData1.Name";"Taxed Coolant";"Уменьш. охлаждение";;"#000000";"#FFFFFF"
"AbilityGu8CoolVent.CoolantVentPenalty3.EffectData3.Details";"+10 Heat Generated";"+10 нагрева";;"#000000";"#FFFFFF"
"AbilityGu8CoolVent.CoolantVentPenalty3.EffectData3.Name";"Taxed Coolant";"Уменьш. охлаждение";;"#000000";"#FFFFFF"
"AbilityGu8CoolVent.Description.Details";"ACTION: Vent Coolant to gain +60 HeatSinkCapacity. Afterwards Cooling is reduced by 30 for 3 Turns, recovering 10 per turn. 4 Turn Cooldown.";"АКТИВАЦИЯ: кратковременно усиляет мощность охлаждения, +60 к отводу тепла. После этого охлаждение падает на 30, восстанавливаясь по 10 в течение 3 ходов. Перезарядка 4 хода.";;"#000000";"#FFFFFF"
"AbilityGu8CoolVent.Description.Name";"Coolant Vent";"Отток тепла";;"#000000";"#FFFFFF"
"AbilityP5AI.Awareness.EffectData1.Details";"This unit can use its movement before or after shooting.";"Этот юнит может двигаться до или после стрельбы.";;"#000000";"#FFFFFF"
"AbilityP5AI.Awareness.EffectData1.Name";"SafeEvasion";"SafeEvasion";;"#000000";"#FFFFFF"
"AbilityP5AI.Description.Details";"+2 Max Evasive.";"+2 макс. уклонение.";;"#000000";"#FFFFFF"
"AbilityP5AI.Description.Name";"Escapist";"Эскапист";;"#000000";"#FFFFFF"
"AbilityP5AI.MaxEvasion.EffectData0.Details";"This unit generates an extra EVASIVE charge from movement actions (up to its maximum).";"Генерирует доп. шевроны уворота при движении (впоть до своего максимума).";;"#000000";"#FFFFFF"
"AbilityP5AI.MaxEvasion.EffectData0.Name";"EVASIVE MOVE";"МАНЁВР УКЛОНЕНИЯ";;"#000000";"#FFFFFF"
"AbilityP5Awareness.Awareness.EffectData0.Details";"This unit can use its movement before or after shooting.";"Этот юнит может двигаться до или после стрельбы.";;"#000000";"#FFFFFF"
"AbilityP5Awareness.Awareness.EffectData0.Name";"SafeEvasion";"SafeEvasion";;"#000000";"#FFFFFF"
"AbilityP5Awareness.Description.Details";"Evasive Pips are Immune to Sensor Lock.";"Шевроны уклонения не снижаются от Sensor Lock.";;"#000000";"#FFFFFF"
"AbilityP5Awareness.Description.Name";"Awareness";"Начеку";;"#000000";"#FFFFFF"
"AbilityP5Escapist.Description.Details";"+2 Max Evasive.";"+2 макс. уклонение.";;"#000000";"#FFFFFF"
"AbilityP5Escapist.Description.Name";"Escapist";"Эскапист";;"#000000";"#FFFFFF"
"AbilityP5Escapist.MaxEvasion.EffectData0.Details";"This unit generates an extra EVASIVE charge from movement actions (up to its maximum).";"Генерирует доп. шевроны уворота при движении (впоть до своего максимума).";;"#000000";"#FFFFFF"
"AbilityP5Escapist.MaxEvasion.EffectData0.Name";"EVASIVE MOVE";"МАНЁВР УКЛОНЕНИЯ";;"#000000";"#FFFFFF"
"AbilityP8AI.Awareness.EffectData1.Details";"This unit can use its movement before or after shooting.";"Этот юнит может двигаться до или после стрельбы.";;"#000000";"#FFFFFF"
"AbilityP8AI.Awareness.EffectData1.Name";"SafeEvasion";"SafeEvasion";;"#000000";"#FFFFFF"
"AbilityP8AI.Description.Details";"+2 Max Evasive.";"+2 макс. уклонение.";;"#000000";"#FFFFFF"
"AbilityP8AI.Description.Name";"Escapist";"Эскапист";;"#000000";"#FFFFFF"
"AbilityP8AI.MaxEvasion.EffectData0.Details";"This unit generates an extra EVASIVE charge from movement actions (up to its maximum).";"Генерирует доп. шевроны уворота при движении (впоть до своего максимума).";;"#000000";"#FFFFFF"
"AbilityP8AI.MaxEvasion.EffectData0.Name";"EVASIVE MOVE";"МАНЁВР УКЛОНЕНИЯ";;"#000000";"#FFFFFF"
"AbilityP8AI.p8AISensors.EffectData2.Details";"This unit generates an extra EVASIVE charge from movement actions (up to its maximum).";"Генерирует доп. шевроны уворота при движении (впоть до своего максимума).";;"#000000";"#FFFFFF"
"AbilityP8AI.p8AISensors.EffectData2.Name";"EVASIVE MOVE";"МАНЁВР УКЛОНЕНИЯ";;"#000000";"#FFFFFF"
"AbilityP8AI.p8AISight.EffectData3.Details";"This unit can use its movement before or after shooting.";"Этот юнит может двигаться до или после стрельбы.";;"#000000";"#FFFFFF"
"AbilityP8AI.p8AISight.EffectData3.Name";"SafeEvasion";"SafeEvasion";;"#000000";"#FFFFFF"
"AbilityP8Mobility.AbilityDefP82.EffectData0.Details";"This unit generates an extra EVASIVE charge from movement actions (up to its maximum).";"Генерирует доп. шевроны уворота при движении (впоть до своего максимума).";;"#000000";"#FFFFFF"
"AbilityP8Mobility.AbilityDefP82.EffectData0.Name";"EVASIVE MOVE";"МАНЁВР УКЛОНЕНИЯ";;"#000000";"#FFFFFF"
"AbilityP8Mobility.Description.Details";"ACTION: Push your Engine to the Limit, +1 Walk MP. Has a 3 turn cooldown.";"АКТИВАЦИЯ: разгоняет ваш двигатель, +1 гекс к Шагу. Перезарядка 3 хода.";;"#000000";"#FFFFFF"
"AbilityP8Mobility.Description.Name";"Mobility";"Мобильность";;"#000000";"#FFFFFF"
"AbilityP8PhantomMech.AbilityDefP83.EffectData1.Details";"This unit generates an extra EVASIVE charge from movement actions (up to its maximum).";"Генерирует доп. шевроны уворота при движении (впоть до своего максимума).";;"#000000";"#FFFFFF"
"AbilityP8PhantomMech.AbilityDefP83.EffectData1.Name";"EVASIVE MOVE";"МАНЁВР УКЛОНЕНИЯ";;"#000000";"#FFFFFF"
"AbilityP8PhantomMech.AbilityDefP83.EffectData2.Details";"This unit generates an extra EVASIVE charge from movement actions (up to its maximum).";"Генерирует доп. шевроны уворота при движении (впоть до своего максимума).";;"#000000";"#FFFFFF"
"AbilityP8PhantomMech.AbilityDefP83.EffectData2.Name";"EVASIVE MOVE";"МАНЁВР УКЛОНЕНИЯ";;"#000000";"#FFFFFF"
"AbilityP8PhantomMech.Description.Details";"ACTION: Gain +2 Local ECM and -50% Visibility/SensorSignature for 2 Turns. Has a 3 turn cooldown.";"АКТИВАЦИЯ: даёт себе +2 ECM и -50% к визуальной и сенсорной видимости на 2 хода. Перезарядка 3 хода.";;"#000000";"#FFFFFF"
"AbilityP8PhantomMech.Description.Name";"Phantom Mech";"Призрачный мех";;"#000000";"#FFFFFF"
"AbilityP8PhantomMech.LV_ECM_SHIELD.EffectData0.Details";"IPSUM SUCKUM";"IPSUM SUCKUM";;"#000000";"#FFFFFF"
"AbilityP8PhantomMech.LV_ECM_SHIELD.EffectData0.Name";"ECM_Shield_Jammer";"ECM_щит_глушилка";;"#000000";"#FFFFFF"
"AbilityT5AI.AbilityT5AI-reserve.EffectData0.Details";"DEFER ACTION CLEARS UNSTEADY";"ПРОПУСК ХОДА УБИРАЕТ НЕСТАБИЛЬНОСТЬ";;"#000000";"#FFFFFF"
"AbilityT5AI.AbilityT5AI-reserve.EffectData0.Name";"MASTER TACTICIAN";"МАСТЕР ТАКТИК";;"#000000";"#FFFFFF"
"AbilityT5AI.Description.Details";"PASSIVE: Remove one bar of stability damage when Reserving.  +1 to Initiative and Tactics Rolls.";"ПАССИВНО: при пропуске хода убирает 1 полоску нестабильности. +1 к броскам инициативы и тактики.";;"#000000";"#FFFFFF"
"AbilityT5AI.Description.Name";"Cautious";"Осторожный";;"#000000";"#FFFFFF"
"AbilityT5AI.TraittacSight50.EffectData1.Details";"+50m View Distance";"+50м к дальности обзора";;"#000000";"#FFFFFF"
"AbilityT5AI.TraittacSight50.EffectData1.Name";"Increased view Distance";"Увелич. дальность обзора";;"#000000";"#FFFFFF"
"AbilityT5AI.TraittacSight50.EffectData2.Details";"+50m View Distance";"+50м к дальности обзора";;"#000000";"#FFFFFF"
"AbilityT5AI.TraittacSight50.EffectData2.Name";"Increased view Distance";"Увелич. дальность обзора";;"#000000";"#FFFFFF"
"AbilityT5Cautious.AbilityT5AI-reserve.EffectData0.Details";"DEFER ACTION CLEARS UNSTEADY";"ПРОПУСК ХОДА УБИРАЕТ НЕСТАБИЛЬНОСТЬ";;"#000000";"#FFFFFF"
"AbilityT5Cautious.AbilityT5AI-reserve.EffectData0.Name";"MASTER TACTICIAN";"МАСТЕР ТАКТИК";;"#000000";"#FFFFFF"
"AbilityT5Cautious.Description.Details";"PASSIVE: Remove one bar of stability damage when Reserving.  +1 to Initiative and Tactics Rolls.";"ПАССИВНО: при пропуске хода убирает 1 полоску нестабильности. +1 к броскам инициативы и тактики.";;"#000000";"#FFFFFF"
"AbilityT5Cautious.Description.Name";"Cautious";"Осторожный";;"#000000";"#FFFFFF"
"AbilityT5Tactician.Description.Details";"PASSIVE: +15% Max Sight/Sensor.  +1 to Initiative and Tactics Rolls.";"ПАССИВНО: +15% макс. сенсоры/обзор. +1 к броскам инициативы и тактики.";;"#000000";"#FFFFFF"
"AbilityT5Tactician.Description.Name";"TACTICIAN";"ТАКТИК";;"#000000";"#FFFFFF"
"AbilityT5Tactician.TraittacSight50.EffectData0.Details";"+50m View Distance";"+50м к дальности обзора";;"#000000";"#FFFFFF"
"AbilityT5Tactician.TraittacSight50.EffectData0.Name";"Increased view Distance";"Увелич. дальность обзора";;"#000000";"#FFFFFF"
"AbilityT5Tactician.TraittacSight50.EffectData1.Details";"+50m View Distance";"+50м к дальности обзора";;"#000000";"#FFFFFF"
"AbilityT5Tactician.TraittacSight50.EffectData1.Name";"Increased view Distance";"Увелич. дальность обзора";;"#000000";"#FFFFFF"
"AbilityT8AI.Description.Details";"PASSIVE: Remove one bar of stability damage when Reserving.  +1 to Initiative and Tactics Rolls.";"ПАССИВНО: при пропуске хода убирает 1 полоску нестабильности. +1 к броскам инициативы и тактики.";;"#000000";"#FFFFFF"
"AbilityT8AI.Description.Name";"Cautious";"Осторожный";;"#000000";"#FFFFFF"
"AbilityT8AI.FieldCommandAI.EffectData0.Details";"DEFER ACTION CLEARS UNSTEADY";"ПРОПУСК ХОДА УБИРАЕТ НЕСТАБИЛЬНОСТЬ";;"#000000";"#FFFFFF"
"AbilityT8AI.FieldCommandAI.EffectData0.Name";"MASTER TACTICIAN";"МАСТЕР ТАКТИК";;"#000000";"#FFFFFF"
"AbilityT8AI.FieldCommandAI2.EffectData1.Details";"+50m View Distance";"+50м к дальности обзора";;"#000000";"#FFFFFF"
"AbilityT8AI.FieldCommandAI2.EffectData1.Name";"Increased view Distance";"Увелич. дальность обзора";;"#000000";"#FFFFFF"
"AbilityT8AI.FieldCommandAI3.EffectData2.Details";"+50m View Distance";"+50м к дальности обзора";;"#000000";"#FFFFFF"
"AbilityT8AI.FieldCommandAI3.EffectData2.Name";"Increased view Distance";"Увелич. дальность обзора";;"#000000";"#FFFFFF"
"AbilityT8FieldCommand.Description.Details";"+1 to Initiative and Tactics Rolls. ACTION: For 2 Turns, Lancemates have +1 Sensor and +15% Sensors/Sight. Has a 3 turn cooldown.";"+1 к броскам инициативы и тактики. АКТИВАЦИЯ: на два хода отряд получает +1 к проверкам сенсора и +15% к дальности сенсоров/обзора. Перезарядка 3 хода.";;"#000000";"#FFFFFF"
"AbilityT8FieldCommand.Description.Name";"Field Command";"Полевое командование";;"#000000";"#FFFFFF"
"AbilityT8FieldCommand.FieldCommandProbe.EffectData0.Details";"+50m View Distance";"+50м к дальности обзора";;"#000000";"#FFFFFF"
"AbilityT8FieldCommand.FieldCommandProbe.EffectData0.Name";"Increased view Distance";"Увелич. дальность обзора";;"#000000";"#FFFFFF"
"AbilityT8FieldCommand.FieldCommandSensor.EffectData2.Details";"+50m View Distance";"+50м к дальности обзора";;"#000000";"#FFFFFF"
"AbilityT8FieldCommand.FieldCommandSensor.EffectData2.Name";"Increased view Distance";"Увелич. дальность обзора";;"#000000";"#FFFFFF"
"AbilityT8FieldCommand.FieldCommandSight.EffectData1.Details";"+50m View Distance";"+50м к дальности обзора";;"#000000";"#FFFFFF"
"AbilityT8FieldCommand.FieldCommandSight.EffectData1.Name";"Increased view Distance";"Увелич. дальность обзора";;"#000000";"#FFFFFF"
"AbilityT8SensorLock.Description.Details";"+1 to Initiative and Tactics Rolls. ACTION: Select a target within sensor range to reveal it until the end of the current round, remove 1 of its EVASIVE charges and Double its Signature and Visibility. Does not End Your Turn.";"+1 к броскам инициативы и тактики. АКТИВАЦИЯ: выберите цель в радиусе сенсора, чтобы подсветить ее до конца раунда, Снимает с цели 1 шеврон уклонения и удваивает видимость для радаров и обзора. Не заканчивает ваш ход.";;"#000000";"#FFFFFF"
"AbilityT8SensorLock.Description.Name";"SENSOR LOCK";"СЕНСОРНЫЙ ЗАХВАТ";;"#000000";"#FFFFFF"
"TraitDefCalledShotImprove.Description.Details";"PASSIVE: Called Shots taken by this MechWarrior are twice as likely to hit the targeted location.";"ПАССИВНО: точность выстрелов Offensive Push этого мехвоина удвоена.";;"#000000";"#FFFFFF"
"TraitDefCalledShotImprove.Description.Name";"Improved Called Shot";"Улучшенный Offensive Push";;"#000000";"#FFFFFF"
"TraitDefCalledShotImprove.ShortDesc";"Called Shot Bonus";"Бонус к offensive push";;"#000000";"#FFFFFF"
"TraitDefCalledShotImprove.TraitDefCalledShotImprove.EffectData0.Details";"Called Shots twice as reliable";"Offensive push вдвое надёжнее";;"#000000";"#FFFFFF"
"TraitDefCalledShotImprove.TraitDefCalledShotImprove.EffectData0.Name";"Improved Called Shot";"Улучшенный Offensive Push";;"#000000";"#FFFFFF"
"TraitDefCalledShotMaster.Description.Details";"PASSIVE: Called Shots taken by this MechWarrior are almost guaranteed to hit their location .";"ПАССИВНО: Offensive Push выстрелы, сделанные этим мехвоином почти гарантированно попадают в цель.";;"#000000";"#FFFFFF"
"TraitDefCalledShotMaster.Description.Name";"Called Shot Mastery";"Мастер offensive push";;"#000000";"#FFFFFF"
"TraitDefCalledShotMaster.ShortDesc";"Called Shot Mastery";"Мастер offensive push";;"#000000";"#FFFFFF"
"TraitDefCalledShotMaster.TraitDefCalledShotMaster.EffectData0.Details";"Called Shots nearly guaranteed";"Попадание почти гарантировано";;"#000000";"#FFFFFF"
"TraitDefCalledShotMaster.TraitDefCalledShotMaster.EffectData0.Name";"Called Shot Mastery";"Мастер offensive push";;"#000000";"#FFFFFF"
"TraitDefEvasiveChargeAddOne.Description.Details";"PASSIVE: 'Mechs piloted by this MechWarrior have their EVASIVE charge cap increased by 1.";"ПАССИВНО: мехи, пилотируемые этим воином имеют на 1 выше предел шевронов уворота.";;"#000000";"#FFFFFF"
"TraitDefEvasiveChargeAddOne.Description.Name";"Increased Evasion Cap";"Увелич. предел уклонения";;"#000000";"#FFFFFF"
"TraitDefEvasiveChargeAddOne.ShortDesc";"+ 1 Max Evasion";"+ 1 макс. укл.";;"#000000";"#FFFFFF"
"TraitDefEvasiveChargeAddOne.TraitDefEvasiveChargeAddOne.EffectData0.Details";"EVASIVE charge cap increased by 1";"Предел шевронов уклонения повышен на 1";;"#000000";"#FFFFFF"
"TraitDefEvasiveChargeAddOne.TraitDefEvasiveChargeAddOne.EffectData0.Name";"Increased Evasion Cap";"Увелич. предел уклонения";;"#000000";"#FFFFFF"
"TraitDefEvasiveChargeAddThree.Description.Details";"PASSIVE: 'Mechs piloted by this MechWarrior have their EVASIVE charge cap increased by 3.";"ПАССИВНО: мехи, пилотируемые этим воином имеют на 3 выше предел шевронов уворота.";;"#000000";"#FFFFFF"
"TraitDefEvasiveChargeAddThree.Description.Name";"Increased Evasion Cap";"Увелич. предел уклонения";;"#000000";"#FFFFFF"
"TraitDefEvasiveChargeAddThree.ShortDesc";"+ 3 Max Evasion";"+ 3 макс. укл.";;"#000000";"#FFFFFF"
"TraitDefEvasiveChargeAddThree.TraitDefEvasiveChargeAddOne.EffectData0.Details";"EVASIVE charge cap increased by 1";"Предел шевронов уклонения повышен на 1";;"#000000";"#FFFFFF"
"TraitDefEvasiveChargeAddThree.TraitDefEvasiveChargeAddOne.EffectData0.Name";"Increased Evasion Cap";"Увелич. предел уклонения";;"#000000";"#FFFFFF"
"TraitDefEvasiveChargeAddTwo.Description.Details";"PASSIVE: 'Mechs piloted by this MechWarrior have their EVASIVE charge cap increased by 2.";"ПАССИВНО: мехи, пилотируемые этим воином имеют на 2 выше предел шевронов уворота.";;"#000000";"#FFFFFF"
"TraitDefEvasiveChargeAddTwo.Description.Name";"Increased Evasion Cap";"Увелич. предел уклонения";;"#000000";"#FFFFFF"
"TraitDefEvasiveChargeAddTwo.ShortDesc";"+ 2 Max Evasion";"+ 2 макс. укл.";;"#000000";"#FFFFFF"
"TraitDefEvasiveChargeAddTwo.TraitDefEvasiveChargeAddOne.EffectData0.Details";"EVASIVE charge cap increased by 1";"Предел шевронов уклонения повышен на 1";;"#000000";"#FFFFFF"
"TraitDefEvasiveChargeAddTwo.TraitDefEvasiveChargeAddOne.EffectData0.Name";"Increased Evasion Cap";"Увелич. предел уклонения";;"#000000";"#FFFFFF"
"TraitDefHeadshotImmunity.Description.Details";"PASSIVE: This unit is an elite MechWarrior whose skill prevents the ability to hit their cockpit with attacks.";"ПАССИВНО: это - элитный мехвоин, чьи навыки помогают избегать прямых попаданий в голову.";;"#000000";"#FFFFFF"
"TraitDefHeadshotImmunity.Description.Name";"Headshot Immunity";"Иммунитет к попаданиям в голову";;"#000000";"#FFFFFF"
"TraitDefHeadshotImmunity.ShortDesc";"Headshot Avoidance";"Избегание попадания в голову";;"#000000";"#FFFFFF"
"TraitDefHeadshotImmunity.StatusEffect-Elite-HeadshotImmunity.EffectData0.Details";"This unit is an elite MechWarrior whose skill prevents the ability to hit their cockpit with attacks.";"Это - элитный мехвоин, чьи навыки помогают избегать прямых попаданий в голову.";;"#000000";"#FFFFFF"
"TraitDefHeadshotImmunity.StatusEffect-Elite-HeadshotImmunity.EffectData0.Name";"HEADSHOT IMMUNITY";"ИММУНИТЕТ К ПОПАДАНИЯМ В ГОЛОВУ";;"#000000";"#FFFFFF"
"TraitDefIndirectReduceOne.Description.Details";"PASSIVE: 'Mechs piloted by this MechWarrior have their indirect fire penalties reduced by 1.";"ПАССИВНО: мехи, пилотируемые этим воином имеют на 1 ниже штраф от стрельбы с закрытых позиций.";;"#000000";"#FFFFFF"
"TraitDefIndirectReduceOne.Description.Name";"Improved Indirect Fire";"Улучшенный непрямой огонь";;"#000000";"#FFFFFF"
"TraitDefIndirectReduceOne.ShortDesc";"-1 Indirect Fire Penalty";"-1 штраф непрямого огня";;"#000000";"#FFFFFF"
"TraitDefIndirectReduceOne.TraitDefIndirectReduceOne.EffectData0.Details";"Indirect fire penalties reduced by 1";"Штрафы на огонь с закрытых позиций снижен на 1";;"#000000";"#FFFFFF"
"TraitDefIndirectReduceOne.TraitDefIndirectReduceOne.EffectData0.Name";"Improved Indirect Fire";"Улучшенный непрямой огонь";;"#000000";"#FFFFFF"
"TraitDefIndirectReduceThree.Description.Details";"PASSIVE: 'Mechs piloted by this MechWarrior have their indirect fire penalties reduced by 1.";"ПАССИВНО: мехи, пилотируемые этим воином имеют на 1 ниже штраф от стрельбы с закрытых позиций.";;"#000000";"#FFFFFF"
"TraitDefIndirectReduceThree.Description.Name";"Improved Indirect Fire";"Улучшенный непрямой огонь";;"#000000";"#FFFFFF"
"TraitDefIndirectReduceThree.ShortDesc";"-3 Indirect Fire Penalty";"-3 штраф непрямого огня";;"#000000";"#FFFFFF"
"TraitDefIndirectReduceThree.TraitDefIndirectReduceOne.EffectData0.Details";"Indirect fire penalties reduced by 1";"Штрафы на огонь с закрытых позиций снижен на 1";;"#000000";"#FFFFFF"
"TraitDefIndirectReduceThree.TraitDefIndirectReduceOne.EffectData0.Name";"Improved Indirect Fire";"Улучшенный непрямой огонь";;"#000000";"#FFFFFF"
"TraitDefIndirectReduceTwo.Description.Details";"PASSIVE: 'Mechs piloted by this MechWarrior have their indirect fire penalties reduced by 1.";"ПАССИВНО: мехи, пилотируемые этим воином имеют на 1 ниже штраф от стрельбы с закрытых позиций.";;"#000000";"#FFFFFF"
"TraitDefIndirectReduceTwo.Description.Name";"Improved Indirect Fire";"Улучшенный непрямой огонь";;"#000000";"#FFFFFF"
"TraitDefIndirectReduceTwo.ShortDesc";"-2 Indirect Fire Penalty";"-2 штраф непрямого огня";;"#000000";"#FFFFFF"
"TraitDefIndirectReduceTwo.TraitDefIndirectReduceOne.EffectData0.Details";"Indirect fire penalties reduced by 1";"Штрафы на огонь с закрытых позиций снижен на 1";;"#000000";"#FFFFFF"
"TraitDefIndirectReduceTwo.TraitDefIndirectReduceOne.EffectData0.Name";"Improved Indirect Fire";"Улучшенный непрямой огонь";;"#000000";"#FFFFFF"
"TraitDefMinRangeReduce45.Description.Details";"PASSIVE: Reduces Minimum Range Accuracy Penalty by 1";"ПАССИВНО: снижает на 1 штраф точности за мин. дальность";;"#000000";"#FFFFFF"
"TraitDefMinRangeReduce45.Description.Name";"Reduced Min. Range";"Уменьш. мин. дист.";;"#000000";"#FFFFFF"
"TraitDefMinRangeReduce45.ShortDesc";"-1 Min Range Penalty";"-1 штраф мин. дист.";;"#000000";"#FFFFFF"
"TraitDefMinRangeReduce45.TraitDefIndirectReduceOne.EffectData0.Details";"Minimum weapon ranges reduced by 45m";"Минимальные дистанции вооружения снижены на 45м";;"#000000";"#FFFFFF"
"TraitDefMinRangeReduce45.TraitDefIndirectReduceOne.EffectData0.Name";"Reduced Min. Range";"Уменьш. мин. дист.";;"#000000";"#FFFFFF"
"TraitDefMinRangeReduce90.Description.Details";"PASSIVE: Reduces Minimum Range Accuracy Penalty by 2";"ПАССИВНО: снижает на 2 штраф точности за мин. дальность";;"#000000";"#FFFFFF"
"TraitDefMinRangeReduce90.Description.Name";"Reduced Min. Range";"Уменьш. мин. дист.";;"#000000";"#FFFFFF"
"TraitDefMinRangeReduce90.ShortDesc";"-3 Min Range Penalty";"-3 штраф мин. дист.";;"#000000";"#FFFFFF"
"TraitDefMinRangeReduce90.TraitDefIndirectReduceOne.EffectData0.Details";"Minimum weapon ranges reduced by 45m";"Минимальные дистанции вооружения снижены на 45м";;"#000000";"#FFFFFF"
"TraitDefMinRangeReduce90.TraitDefIndirectReduceOne.EffectData0.Name";"Reduced Min. Range";"Уменьш. мин. дист.";;"#000000";"#FFFFFF"
"TraitDefOverheatAddFifteen.Description.Details";"PASSIVE: 'Mechs piloted by this MechWarrior roll with the Punches and take 2% Less Melee Damage.";"ПАССИВНО: мехи, пилотируемые этим воином хороши в Punch атаках и получают на 2% меньше рукоп. урона.";;"#000000";"#FFFFFF"
"TraitDefOverheatAddFifteen.Description.Name";"Melee Resistance";"Сопр. рукопашной";;"#000000";"#FFFFFF"
"TraitDefOverheatAddFifteen.MeleeResist1.EffectData0.Details";"Takes less Kinetic Damage.";"Получает меньше кинетического урона.";;"#000000";"#FFFFFF"
"TraitDefOverheatAddFifteen.MeleeResist1.EffectData0.Name";"Melee Resistance";"Сопр. рукопашной";;"#000000";"#FFFFFF"
"TraitDefOverheatAddFifteen.ShortDesc";"2% Melee Resistance";"2% сопр. ближнему бою";;"#000000";"#FFFFFF"
"TraitDefOverheatAddThirty.Description.Details";"PASSIVE: 'Mechs piloted by this MechWarrior roll with the Punches and take 4% Less Melee Damage.";"ПАССИВНО: мехи, пилотируемые этим воином хороши в Punch атаках и получают на 4% меньше рукоп. урона.";;"#000000";"#FFFFFF"
"TraitDefOverheatAddThirty.Description.Name";"Melee Resistance";"Сопр. рукопашной";;"#000000";"#FFFFFF"
"TraitDefOverheatAddThirty.MeleeResist2.EffectData0.Details";"Takes less Kinetic Damage.";"Получает меньше кинетического урона.";;"#000000";"#FFFFFF"
"TraitDefOverheatAddThirty.MeleeResist2.EffectData0.Name";"Melee Resistance";"Сопр. рукопашной";;"#000000";"#FFFFFF"
"TraitDefOverheatAddThirty.ShortDesc";"4% Melee Resistance";"4% сопр. ближнему бою";;"#000000";"#FFFFFF"
"TraitDefRefireReduceOne.Description.Details";"PASSIVE: 'Mechs piloted by this MechWarrior have their Recoil penalties reduced by 1.";"ПАССИВНО: мехи, пилотируемые этим воином имеют отдачу на 1 ниже.";;"#000000";"#FFFFFF"
"TraitDefRefireReduceOne.Description.Name";"Reduced Recoil";"Уменьшена отдача";;"#000000";"#FFFFFF"
"TraitDefRefireReduceOne.ShortDesc";"-1 Recoil Penalty";"-1 штраф отдачи";;"#000000";"#FFFFFF"
"TraitDefRefireReduceOne.TraitDefIndirectReduceOne.EffectData0.Details";"Ballistic recoil penalties reduced by 1";"Штраф отдачи от баллистики снижен на 1";;"#000000";"#FFFFFF"
"TraitDefRefireReduceOne.TraitDefIndirectReduceOne.EffectData0.Name";"Reduced Recoil";"Уменьшена отдача";;"#000000";"#FFFFFF"
"TraitDefRefireReduceTwo.Description.Details";"PASSIVE: 'Mechs piloted by this MechWarrior have their Recoil penalties reduced by 1.";"ПАССИВНО: мехи, пилотируемые этим воином имеют отдачу на 1 ниже.";;"#000000";"#FFFFFF"
"TraitDefRefireReduceTwo.Description.Name";"Reduced Recoil";"Уменьшена отдача";;"#000000";"#FFFFFF"
"TraitDefRefireReduceTwo.ShortDesc";"-2 Recoil Penalty";"-2 штраф отдачи";;"#000000";"#FFFFFF"
"TraitDefRefireReduceTwo.TraitDefIndirectReduceOne.EffectData0.Details";"Ballistic recoil penalties reduced by 1";"Штраф отдачи от баллистики снижен на 1";;"#000000";"#FFFFFF"
"TraitDefRefireReduceTwo.TraitDefIndirectReduceOne.EffectData0.Name";"Reduced Recoil";"Уменьшена отдача";;"#000000";"#FFFFFF"
"TraitDefUnsteadySet60.Description.Details";"PASSIVE: 'Mechs piloted by this MechWarrior have their UNSTEADY threshold increased by 10.";"ПАССИВНО: мехи, пилотируемые этим воином имеют на 10 выше границу нестабильности.";;"#000000";"#FFFFFF"
"TraitDefUnsteadySet60.Description.Name";"Steadier 'Mech";"Более устойчивый мех";;"#000000";"#FFFFFF"
"TraitDefUnsteadySet60.ShortDesc";"+ 1 Unsteady Threshold";"+ 1 к гр. неустойчивости";;"#000000";"#FFFFFF"
"TraitDefUnsteadySet60.TraitDefUnsteadySet60.EffectData0.Details";"UNSTEADY threshold increased to 60";"Порог устойчивости увеличен до 60";;"#000000";"#FFFFFF"
"TraitDefUnsteadySet60.TraitDefUnsteadySet60.EffectData0.Name";"Steadier 'Mech";"Более устойчивый мех";;"#000000";"#FFFFFF"
"TraitDefUnsteadySet80.Description.Details";"PASSIVE: 'Mechs piloted by this MechWarrior have their UNSTEADY threshold increased by 20.";"ПАССИВНО: мехи, пилотируемые этим воином имеют на 20 выше границу нестабильности.";;"#000000";"#FFFFFF"
"TraitDefUnsteadySet80.Description.Name";"Steadier 'Mech";"Более устойчивый мех";;"#000000";"#FFFFFF"
"TraitDefUnsteadySet80.ShortDesc";"+ 2 Unsteady Threshold";"+ 2 к гр. неустойчивости";;"#000000";"#FFFFFF"
"TraitDefUnsteadySet80.TraitDefUnsteadySet80.EffectData0.Details";"UNSTEADY threshold increased to 80";"Порог устойчивости увеличен до 80";;"#000000";"#FFFFFF"
"TraitDefUnsteadySet80.TraitDefUnsteadySet80.EffectData0.Name";"Steadier 'Mech";"Более устойчивый мех";;"#000000";"#FFFFFF"
"TraitHeatReduction10.Description.Details";"PASSIVE: Reduces Heat generation by 10%.";"ПАССИВНО: генерация тепла снижена на 10%.";;"#000000";"#FFFFFF"
"TraitHeatReduction10.Description.Name";"Decreases Heat Generation";"Уменьшает нагрев";;"#000000";"#FFFFFF"
"TraitHeatReduction10.ShortDesc";"-10% Heat Generation";"-10% ген. тепла";;"#000000";"#FFFFFF"
"TraitHeatReduction10.TraitHeatReduction5.EffectData0.Details";"Heat generation reduced by 10%";"Нагрев уменьшен на 10%";;"#000000";"#FFFFFF"
"TraitHeatReduction10.TraitHeatReduction5.EffectData0.Name";"Decreases Heat Generation";"Уменьшает нагрев";;"#000000";"#FFFFFF"
"TraitHeatReduction5.Description.Details";"PASSIVE: Reduces Heat generation by 5%.";"ПАССИВНО: генерация тепла снижена на 5%.";;"#000000";"#FFFFFF"
"TraitHeatReduction5.Description.Name";"Decreases Heat Generation";"Уменьшает нагрев";;"#000000";"#FFFFFF"
"TraitHeatReduction5.ShortDesc";"-5% Heat Generation";"-5% ген. тепла";;"#000000";"#FFFFFF"
"TraitHeatReduction5.TraitHeatReduction5.EffectData0.Details";"Heat generation reduced by 5%";"Нагрев уменьшен на 5%";;"#000000";"#FFFFFF"
"TraitHeatReduction5.TraitHeatReduction5.EffectData0.Name";"Decreases Heat Generation";"Уменьшает нагрев";;"#000000";"#FFFFFF"
"TraitOPOnePlus.ShortDesc";"+5% Range increase.";"+5% к дальности.";;"#000000";"#FFFFFF"
"TraitOPOnePlus.TraitLR1.EffectData2.Details";"DF Minrange by 50m";"DF Minrange by 50m";;"#000000";"#FFFFFF"
"TraitOPOnePlus.TraitLR1.EffectData2.Name";"TraitLR1";"TraitLR1";;"#000000";"#FFFFFF"
"TraitOPOnePlus.TraitMR1.EffectData1.Details";"DF Minrange by 50m";"DF Minrange by 50m";;"#000000";"#FFFFFF"
"TraitOPOnePlus.TraitMR1.EffectData1.Name";"TraitMR1";"TraitMR1";;"#000000";"#FFFFFF"
"TraitOPOnePlus.TraitMXR1.EffectData3.Details";"DF Minrange by 50m";"DF Minrange by 50m";;"#000000";"#FFFFFF"
"TraitOPOnePlus.TraitMXR1.EffectData3.Name";"TraitMXR1";"TraitMXR1";;"#000000";"#FFFFFF"
"TraitOPOnePlus.TraitSR1.EffectData0.Details";"DF Minrange by 50m";"DF Minrange by 50m";;"#000000";"#FFFFFF"
"TraitOPOnePlus.TraitSR1.EffectData0.Name";"TraitSR1";"TraitSR1";;"#000000";"#FFFFFF"
"TraitOPTHREEPlus.ShortDesc";"+15% Range increase.";"+15% к дальности.";;"#000000";"#FFFFFF"
"TraitOPTHREEPlus.TraitLR3.EffectData2.Details";"DF Minrange by 50m";"DF Minrange by 50m";;"#000000";"#FFFFFF"
"TraitOPTHREEPlus.TraitLR3.EffectData2.Name";"TraitLR3";"TraitLR3";;"#000000";"#FFFFFF"
"TraitOPTHREEPlus.TraitMR3.EffectData1.Details";"DF Minrange by 50m";"DF Minrange by 50m";;"#000000";"#FFFFFF"
"TraitOPTHREEPlus.TraitMR3.EffectData1.Name";"TraitMR3";"TraitMR3";;"#000000";"#FFFFFF"
"TraitOPTHREEPlus.TraitMXR3.EffectData3.Details";"DF Minrange by 50m";"DF Minrange by 50m";;"#000000";"#FFFFFF"
"TraitOPTHREEPlus.TraitMXR3.EffectData3.Name";"TraitMXR3";"TraitMXR3";;"#000000";"#FFFFFF"
"TraitOPTHREEPlus.TraitSR3.EffectData0.Details";"DF Minrange by 50m";"DF Minrange by 50m";;"#000000";"#FFFFFF"
"TraitOPTHREEPlus.TraitSR3.EffectData0.Name";"TraitSR3";"TraitSR3";;"#000000";"#FFFFFF"
"TraitOPTWOPlus.ShortDesc";"+10% Range increase.";"+10% к дальности.";;"#000000";"#FFFFFF"
"TraitOPTWOPlus.TraitLR2.EffectData2.Details";"DF Minrange by 50m";"DF Minrange by 50m";;"#000000";"#FFFFFF"
"TraitOPTWOPlus.TraitLR2.EffectData2.Name";"TraitLR2";"TraitLR2";;"#000000";"#FFFFFF"
"TraitOPTWOPlus.TraitMR2.EffectData1.Details";"DF Minrange by 50m";"DF Minrange by 50m";;"#000000";"#FFFFFF"
"TraitOPTWOPlus.TraitMR2.EffectData1.Name";"TraitMR2";"TraitMR2";;"#000000";"#FFFFFF"
"TraitOPTWOPlus.TraitMXR2.EffectData3.Details";"DF Minrange by 50m";"DF Minrange by 50m";;"#000000";"#FFFFFF"
"TraitOPTWOPlus.TraitMXR2.EffectData3.Name";"TraitMXR2";"TraitMXR2";;"#000000";"#FFFFFF"
"TraitOPTWOPlus.TraitSR2.EffectData0.Details";"DF Minrange by 50m";"DF Minrange by 50m";;"#000000";"#FFFFFF"
"TraitOPTWOPlus.TraitSR2.EffectData0.Name";"TraitSR2";"TraitSR2";;"#000000";"#FFFFFF"
"TraitSensors15.ShortDesc";"+30SensorDistance";"+30 к дальности сенсоров";;"#000000";"#FFFFFF"
"TraitSensors15.TraittacSight50.EffectData0.Details";"+50m View Distance";"+50м к дальности обзора";;"#000000";"#FFFFFF"
"TraitSensors15.TraittacSight50.EffectData0.Name";"Increased view Distance";"Увелич. дальность обзора";;"#000000";"#FFFFFF"
"TraitSensors30.ShortDesc";"+70SensorDistance";"+70 к сенсорам";;"#000000";"#FFFFFF"
"TraitSensors30.TraittacSight50.EffectData0.Details";"+50m View Distance";"+50м к дальности обзора";;"#000000";"#FFFFFF"
"TraitSensors30.TraittacSight50.EffectData0.Name";"Increased view Distance";"Увелич. дальность обзора";;"#000000";"#FFFFFF"
"TraitStabDamage10.Description.Details";"PASSIVE: 'PASSIVE: 'Mechs piloted by this MechWarrior take 5% less stability damage.";"ПАССИВНО: мехи, пилотируемые этим воином получают на 5% меньше ур. стабильности.";;"#000000";"#FFFFFF"
"TraitStabDamage10.Description.Name";"Steadier 'Mech";"Более устойчивый мех";;"#000000";"#FFFFFF"
"TraitStabDamage10.ShortDesc";"-10% Stability Damage taken";"-10% к получ. ур. стаб.";;"#000000";"#FFFFFF"
"TraitStabDamage10.TraitStabDamage10.EffectData0.Details";"10% Less Stab Damage";"10% ниже ур. стабильности";;"#000000";"#FFFFFF"
"TraitStabDamage10.TraitStabDamage10.EffectData0.Name";"Leaning in";"Наклонившись";;"#000000";"#FFFFFF"
"TraitStabDamage5.Description.Details";"PASSIVE: 'Mechs piloted by this MechWarrior take 5% less stability damage.";"ПАССИВНО: мехи, пилотируемые этим воином получают на 5% меньше ур. стабильности.";;"#000000";"#FFFFFF"
"TraitStabDamage5.Description.Name";"Steadier 'Mech";"Более устойчивый мех";;"#000000";"#FFFFFF"
"TraitStabDamage5.ShortDesc";"-5% Stability Damage taken";"-5% к получ. ур. стаб.";;"#000000";"#FFFFFF"
"TraitStabDamage5.TraitStabDamage5.EffectData0.Details";"5% Less Stab Damage";"5% ниже ур. стабильности";;"#000000";"#FFFFFF"
"TraitStabDamage5.TraitStabDamage5.EffectData0.Name";"Leaning in";"Наклонившись";;"#000000";"#FFFFFF"
"TraitTacSight100.ShortDesc";"+50View Distance";"+50 к обзору";;"#000000";"#FFFFFF"
"TraitTacSight100.TraittacSight100.EffectData0.Details";"+50m View Distance";"+50м к дальности обзора";;"#000000";"#FFFFFF"
"TraitTacSight100.TraittacSight100.EffectData0.Name";"Increased view Distance";"Увелич. дальность обзора";;"#000000";"#FFFFFF"
"TraitTacSight50.ShortDesc";"+25 View Distance";"+25 к дальности обзора";;"#000000";"#FFFFFF"
"TraitTacSight50.TraittacSight50.EffectData0.Details";"+50m View Distance";"+50м к дальности обзора";;"#000000";"#FFFFFF"
"TraitTacSight50.TraittacSight50.EffectData0.Name";"Increased view Distance";"Увелич. дальность обзора";;"#000000";"#FFFFFF"
"AbilityG8AI.StatusEffect_BCHeat.EffectData1.Details";"Heat generation reduced by 3%.";"Нагрев снижен на 3%.";;"#000000";"#FFFFFF"
"AbilityG8AI.StatusEffect_BCHeat.EffectData1.Name";"Heat generation decreased";"Нагрев понижен";;"#000000";"#FFFFFF"
